 0.000000 1165.671021
 0.998004 1165.357178
 1.996008 1165.155884
 2.994012 1164.841919
 3.992016 1164.653076
 4.990020 1164.305542
 5.988024 1163.973267
 6.986028 1163.598389
 7.984032 1163.598389
 8.982036 1163.122925
 9.980040 1162.866821
 10.978044 1162.488892
 11.976048 1162.254150
 12.974052 1161.879272
 13.972056 1161.653809
 14.970060 1161.309326
 15.968064 1161.309326
 16.966068 1161.071655
 17.964072 1160.458984
 18.962076 1160.172485
 19.960080 1159.901123
 20.958084 1159.654297
 21.956088 1159.352539
 22.954092 1159.056885
 23.952096 1158.986816
 24.950100 1158.700317
 25.948104 1158.261353
 26.946108 1157.974854
 27.944112 1157.609009
 28.942116 1157.337769
 29.940120 1156.713013
 30.938124 1156.429565
 31.936128 1155.719360
 32.934132 1155.719360
 33.932136 1155.405396
 34.930140 1155.143311
 35.928144 1154.804932
 36.926148 1154.442261
 37.924152 1154.158813
 38.922156 1153.823486
 39.920160 1153.488159
 40.918164 1153.445557
 41.916168 1153.131592
 42.914172 1152.439697
 43.912176 1152.265869
 44.910180 1151.830078
 45.908184 1151.552734
 46.906188 1151.211304
 47.904192 1150.933960
 48.902196 1150.787720
 49.900200 1150.492065
 50.898204 1149.995117
 51.896208 1149.623291
 52.894212 1149.318481
 53.892216 1149.044189
 54.890220 1148.352295
 55.888224 1147.922485
 56.886228 1147.922485
 57.884232 1147.541504
 58.882236 1147.200195
 59.880240 1146.822266
 60.878244 1146.459473
 61.876248 1146.035767
 62.874251 1145.715698
 63.872255 1145.267700
 64.870259 1144.947632
 65.868263 1144.841064
 66.866267 1144.182617
 67.864271 1143.774170
 68.862275 1143.387085
 69.860279 1142.960449
 70.858283 1142.545898
 71.856287 1142.155762
 72.854291 1141.860107
 73.852295 1141.860107
 74.850299 1141.439453
 75.848303 1141.064453
 76.846307 1140.159302
 77.844311 1139.814819
 78.842315 1138.970581
 79.840319 1138.626099
 80.838323 1138.266479
 81.836327 1138.266479
 82.834331 1137.821411
 83.832335 1137.531860
 84.830339 1137.196655
 85.828343 1136.910156
 86.826347 1136.535278
 87.824351 1136.260864
 88.822355 1135.892090
 89.820359 1135.892090
 90.818363 1135.511108
 91.816367 1134.965454
 92.814371 1134.636353
 93.812375 1134.243164
 94.810379 1133.932251
 95.808383 1133.563477
 96.806387 1133.267822
 97.804391 1132.798340
 98.802395 1132.798340
 99.800399 1132.444824
 100.798403 1132.136963
 101.796407 1131.691895
 102.794411 1131.365845
 103.792415 1130.740967
 104.790419 1130.442261
 105.788423 1130.125244
 106.786427 1130.125244
 107.784431 1129.698608
 108.782435 1129.415039
 109.780439 1129.061523
 110.778443 1128.787231
 111.776447 1128.412231
 112.774451 1128.077026
 113.772455 1127.781372
 114.770459 1127.650269
 115.768463 1127.183960
 116.766467 1126.879150
 117.764471 1126.568237
 118.762475 1126.178101
 119.760479 1125.922119
 120.758483 1125.553223
 121.756487 1125.288086
 122.754491 1124.797363
 123.752495 1124.507812
 124.750499 1124.010986
 125.748503 1123.739746
 126.746507 1123.288574
 127.744511 1122.700317
 128.742515 1122.215698
 129.740519 1121.935303
 130.738523 1121.661011
 131.736527 1121.581665
 132.734531 1121.240356
 133.732535 1120.810547
 134.730539 1120.490479
 135.728543 1120.082153
 136.726547 1119.740723
 137.724551 1119.237793
 138.722555 1118.814087
 139.720559 1118.698364
 140.718563 1118.076538
 141.716567 1117.658936
 142.714571 1117.323608
 143.712575 1116.665283
 144.710579 1116.418457
 145.708583 1116.073975
 146.706587 1115.741821
 147.704591 1115.561890
 148.702595 1115.241821
 149.700599 1114.940063
 150.698603 1114.574341
 151.696607 1114.080566
 152.694611 1113.666016
 153.692615 1113.361206
 154.690619 1112.949707
 155.688623 1112.949707
 156.686627 1112.574829
 157.684631 1112.331055
 158.682635 1111.937866
 159.680639 1111.678711
 160.678643 1111.303833
 161.676647 1111.111816
 162.674651 1110.721680
 163.672655 1110.227905
 164.670659 1110.136475
 165.668663 1109.856079
 166.666667 1109.423218
 167.664671 1109.127686
 168.662675 1108.862427
 169.660679 1108.530151
 170.658683 1108.246704
 171.656687 1107.536499
 172.654691 1107.536499
 173.652695 1107.076294
 174.650699 1106.802002
 175.648703 1106.250244
 176.646707 1105.439575
 177.644711 1105.067627
 178.642715 1104.960938
 179.640719 1104.836060
 180.638723 1104.836060
 181.636727 1104.625732
 182.634731 1104.183716
 183.632735 1103.622925
 184.630739 1103.241943
 185.628743 1102.799927
 186.626747 1102.449463
 187.624750 1102.083618
 188.622754 1102.083618
 189.620758 1101.458862
 190.618762 1100.815674
 191.616766 1100.510864
 192.614770 1100.081055
 193.612774 1099.761108
 194.610778 1099.215576
 195.608782 1098.928955
 196.606786 1098.487061
 197.604790 1098.487061
 198.602794 1097.971924
 199.600798 1097.636597
 200.598802 1096.679565
 201.596806 1096.313843
 202.594810 1095.771240
 203.592814 1095.402466
 204.590818 1095.143311
 205.588822 1095.143311
 206.586826 1095.149414
 207.584830 1095.158569
 208.582834 1095.170776
 209.580838 1095.115845
 210.578842 1095.115845
 211.576846 1095.161621
 212.574850 1095.082397
 213.572854 1095.125000
 214.570858 1095.094604
 215.568862 1095.027588
 216.566866 1094.930054
 217.564870 1094.814209
 218.562874 1094.826416
 219.560878 1094.908691
 220.558882 1094.872070
 221.556886 1094.896484
 222.554890 1094.786743
 223.552894 1094.573364
 224.550898 1094.527710
 225.548902 1095.018433
 226.546906 1095.112793
 227.544910 1095.103760
 228.542914 1095.146362
 229.540918 1095.173828
 230.538922 1095.213501
 231.536926 1095.213501
 232.534930 1095.176880
 233.532934 1095.121948
 234.530938 1095.097656
 235.528942 1095.167725
 236.526946 1095.314087
 237.524950 1095.356689
 238.522954 1095.338379
 239.520958 1095.353638
 240.518962 1095.335449
 241.516966 1095.341431
 242.514970 1095.341431
 243.512974 1095.365845
 244.510978 1095.292725
 245.508982 1095.216553
 246.506986 1095.216553
 247.504990 1095.115845
 248.502994 1095.061035
 249.500998 1094.987915
 250.499002 1095.021484
 251.497006 1095.509155
 252.495010 1095.417603
 253.493014 1095.688965
 254.491018 1095.688965
 255.489022 1095.798706
 256.487026 1095.615845
 257.485030 1095.286621
 258.483034 1095.061035
 259.481038 1094.808105
 260.479042 1094.716675
 261.477046 1094.719727
 262.475050 1094.719727
 263.473054 1094.683105
 264.471058 1094.613037
 265.469062 1094.606934
 266.467066 1094.692261
 267.465070 1094.658691
 268.463074 1094.619141
 269.461078 1094.500244
 270.459082 1094.366089
 271.457086 1094.366089
 272.455090 1094.286865
 273.453094 1094.198486
 274.451098 1094.015625
 275.449102 1094.015625
 276.447106 1094.125244
 277.445110 1094.277710
 278.443114 1094.393555
 279.441118 1094.393555
 280.439122 1094.603882
 281.437126 1095.170776
 282.435130 1095.524414
 283.433134 1095.545776
 284.431138 1095.472534
 285.429142 1095.765137
 286.427146 1096.332031
 287.425150 1096.396118
 288.423154 1096.518066
 289.421158 1096.624756
 290.419162 1096.691772
 291.417166 1096.719116
 292.415170 1096.734375
 293.413174 1096.731323
 294.411178 1096.685669
 295.409182 1096.682617
 296.407186 1096.588135
 297.405190 1096.463135
 298.403194 1097.005737
 299.401198 1097.597046
 300.399202 1097.978027
 301.397206 1098.630249
 302.395210 1098.810059
 303.393214 1099.169800
 304.391218 1099.294800
 305.389222 1099.602661
 306.387226 1100.212280
 307.385230 1100.587158
 308.383234 1101.254639
 309.381238 1102.053101
 310.379242 1102.543945
 311.377246 1102.827393
 312.375249 1102.888306
 313.373253 1103.650269
 314.371257 1104.265991
 315.369261 1104.951782
 316.367265 1105.396851
 317.365269 1106.225952
 318.363273 1107.051880
 319.361277 1107.975464
 320.359281 1107.877930
 321.357285 1108.515015
 322.355289 1109.048340
 323.353293 1109.374512
 324.351297 1109.761597
 325.349301 1109.709717
 326.347305 1110.386475
 327.345309 1110.755249
 328.343313 1110.755249
 329.341317 1111.599487
 330.339321 1112.541382
 331.337325 1113.306396
 332.335329 1114.293945
 333.333333 1115.138306
 334.331337 1117.064575
 335.329341 1117.832642
 336.327345 1118.491089
 337.325349 1118.466675
 338.323353 1119.103760
 339.321357 1119.752930
 340.319361 1120.380859
 341.317365 1121.130615
 342.315369 1121.868164
 343.313373 1122.578369
 344.311377 1123.297729
 345.309381 1123.297729
 346.307385 1123.980469
 347.305389 1125.303345
 348.303393 1126.171997
 349.301397 1126.906616
 350.299401 1127.650269
 351.297405 1128.290405
 352.295409 1128.994507
 353.293413 1128.994507
 354.291417 1129.637573
 355.289421 1130.192261
 356.287425 1130.823242
 357.285429 1131.551758
 358.283433 1132.164307
 359.281437 1133.353149
 360.279441 1134.023682
 361.277445 1134.803955
 362.275449 1135.450073
 363.273453 1136.041382
 364.271457 1136.605347
 365.269461 1137.291138
 366.267465 1137.931274
 367.265469 1138.650513
 368.263473 1139.171753
 369.261477 1139.958130
 370.259481 1139.958130
 371.257485 1140.738403
 372.255489 1141.969849
 373.253493 1142.746948
 374.251497 1143.405396
 375.249501 1144.170532
 376.247505 1144.764771
 377.245509 1145.508545
 378.243513 1145.508545
 379.241517 1146.334473
 380.239521 1146.788696
 381.237525 1147.370850
 382.235529 1148.111572
 383.233533 1149.333740
 384.231537 1150.178101
 385.229541 1150.802979
 386.227545 1150.991821
 387.225549 1151.601440
 388.223553 1152.345215
 389.221557 1152.896851
 390.219561 1153.680176
 391.217565 1154.350708
 392.215569 1155.262085
 393.213573 1155.810791
 394.211577 1155.929565
 395.209581 1156.621460
 396.207585 1158.020508
 397.205589 1158.672852
 398.203593 1159.297607
 399.201597 1159.855469
 400.199601 1160.440674
 401.197605 1161.352051
 402.195609 1161.888428
 403.193613 1162.080566
 404.191617 1162.449341
 405.189621 1163.199097
 406.187625 1163.720337
 407.185629 1165.198608
 408.183633 1166.427002
 409.181637 1167.167603
 410.179641 1167.920410
 411.177645 1167.981445
 412.175649 1168.606323
 413.173653 1169.365234
 414.171657 1169.910767
 415.169661 1170.752075
 416.167665 1171.306885
 417.165669 1172.230347
 418.163673 1172.952759
 419.161677 1172.952759
 420.159681 1173.775635
 421.157685 1175.327148
 422.155689 1176.064697
 423.153693 1176.787109
 424.151697 1177.503418
 425.149701 1178.149536
 426.147705 1178.777344
 427.145709 1178.777344
 428.143713 1179.347412
 429.141717 1179.917480
 430.139721 1180.597168
 431.137725 1181.212769
 432.135729 1182.624023
 433.133733 1183.221436
 434.131737 1183.904175
 435.129741 1184.538208
 436.127745 1184.656982
 437.125749 1185.159912
 438.123752 1185.723755
 439.121756 1186.357788
 440.119760 1186.961304
 441.117764 1187.836182
 442.115768 1188.402954
 443.113772 1189.094971
 444.111776 1189.094971
 445.109780 1190.216553
 446.107784 1190.704224
 447.105788 1191.338257
 448.103792 1191.932617
 449.101796 1192.670166
 450.099800 1193.304199
 451.097804 1193.959473
 452.095808 1193.959473
 453.093812 1195.447021
 454.091816 1195.965088
 455.089820 1196.303345
 456.087824 1196.675293
 457.085828 1197.546997
 458.083832 1197.745117
 459.081836 1198.199341
 460.079840 1198.004150
 461.077844 1198.440063
 462.075848 1198.662598
 463.073852 1198.863770
 464.071856 1199.003906
 465.069860 1199.452026
 466.067864 1199.570923
 467.065868 1199.714111
 468.063872 1199.799561
 469.061876 1199.799561
 470.059880 1200.073853
 471.057884 1200.284058
 472.055888 1200.226196
 473.053892 1200.366455
 474.051896 1200.326782
 475.049900 1200.476196
 476.047904 1200.558472
 477.045908 1200.485352
 478.043912 1200.558472
 479.041916 1200.467041
 480.039920 1200.509644
 481.037924 1200.524902
 482.035928 1200.552368
 483.033932 1200.451782
 484.031936 1200.482300
 485.029940 1200.366455
 486.027944 1200.412231
 487.025948 1200.348145
 488.023952 1200.375610
 489.021956 1200.378662
 490.019960 1200.445679
 491.017964 1200.366455
 492.015968 1200.308472
 493.013972 1200.290161
 494.011976 1200.305420
 495.009980 1200.326782
 496.007984 1200.210938
 497.005988 1200.381714
 498.003992 1200.271851
 499.001996 1200.213989
