 0.000000 1092.454956
 0.999750 1092.454956
 1.867367 1092.573975
 2.867117 1092.647095
 3.734082 1092.564819
 4.733832 1092.616577
 5.595790 1092.631836
 6.595539 1092.704956
 7.468311 1092.656250
 8.468061 1092.613525
 9.274325 1092.653198
 10.274074 1092.893921
 11.025329 1092.817749
 12.025079 1092.796387
 12.859724 1092.881714
 13.859474 1092.884766
 14.783733 1092.860474
 15.783482 1092.826904
 16.618604 1092.918335
 17.618354 1092.918335
 18.471240 1092.924438
 19.470990 1092.878662
 20.332244 1092.906128
 21.331993 1092.912231
 22.193079 1092.973267
 23.192829 1093.025024
 24.050139 1093.052368
 25.049889 1093.061523
 25.976112 1093.067627
 26.975862 1093.006714
 27.972936 1093.028076
 28.972686 1093.055420
 29.835278 1093.061523
 30.835028 1093.113403
 31.725036 1093.095093
 32.724786 1093.125610
 33.629450 1093.149902
 34.629200 1093.171265
 35.443228 1093.235352
 36.442978 1093.372437
 37.392467 1093.534058
 38.392217 1093.671143
 39.303857 1093.756470
 40.303606 1093.692505
 41.179791 1093.771729
 42.179540 1093.765625
 43.036999 1093.765625
 44.036749 1093.777832
 44.900169 1093.823608
 45.899919 1093.911987
 46.730586 1093.982056
 47.730336 1094.113159
 48.553576 1094.110107
 49.553326 1094.116211
 50.402953 1094.167969
 51.402703 1094.131348
 52.205601 1094.131348
 53.205351 1094.061279
 53.931756 1094.119263
 54.931506 1094.137451
 55.683067 1094.082642
 56.682816 1094.137451
 57.494741 1094.155762
 58.494491 1094.134399
 59.209229 1094.143555
 60.208979 1094.149658
 61.047028 1094.119263
 62.046777 1094.076538
 63.046527 1094.055176
 63.056921 1094.055176
 64.056671 1094.140503
 65.056421 1094.222900
 65.251366 1094.222900
 66.251116 1094.274658
 66.899860 1094.274658
 67.899610 1094.363037
 68.628508 1094.408813
 69.628258 1094.445312
 70.436893 1094.491089
 71.436643 1094.631348
 72.133928 1094.558228
 73.133678 1094.460571
 74.062032 1094.518555
 75.061782 1094.497192
 76.061532 1094.509399
 76.101083 1094.509399
 77.100833 1094.442261
 77.841134 1094.442261
 78.840884 1094.262573
 79.670832 1094.186279
 80.670581 1094.174072
 81.500950 1094.201538
 82.500699 1094.320435
 83.335449 1094.421021
 84.335199 1094.436157
 85.282418 1094.430054
 86.282167 1094.302124
 87.193378 1094.277710
 88.193127 1094.232056
 89.059439 1094.094849
 90.059189 1093.972900
 91.031412 1094.021729
 92.031162 1094.003418
 92.888357 1094.094849
 93.888106 1094.033936
 94.710922 1094.055176
 95.710672 1094.091797
 96.592023 1094.107056
 97.591772 1094.104004
 98.466405 1094.180176
 99.466155 1094.128296
 100.312222 1094.128296
 101.311972 1094.262573
 102.123876 1094.299072
 103.123626 1094.314331
 104.010689 1094.314331
 105.010439 1094.299072
 105.810109 1094.280762
 106.809858 1094.338745
 107.626164 1094.359985
 108.625914 1094.356934
 109.514447 1094.347778
 110.514196 1094.375244
 111.394360 1094.381348
 112.394110 1094.411865
 113.256243 1094.436157
 114.255992 1094.402710
 115.043215 1094.448364
 116.042965 1094.436157
 116.802240 1094.384399
 117.801990 1094.439209
 118.652916 1094.591675
 119.652666 1094.591675
 120.511911 1094.512451
 121.511661 1094.576416
 122.352316 1094.567383
 123.352065 1094.673950
 124.351815 1094.673950
 124.353729 1094.673950
 125.353478 1094.835571
 126.353228 1094.878174
 126.449388 1094.878174
 127.449137 1094.969604
 128.001058 1095.051880
 129.000808 1095.057983
 129.824409 1095.061035
 130.824159 1095.000122
 131.682583 1095.085449
 132.682332 1095.295776
 133.541525 1095.283569
 134.541274 1095.381104
 135.383605 1095.381104
 136.383355 1095.475586
 137.261220 1095.563965
 138.260970 1095.612793
 139.131480 1095.615845
 140.131230 1095.652344
 140.996730 1095.859619
 141.996480 1095.981567
 142.865010 1095.981567
 143.864760 1096.255859
 144.707374 1096.216309
 145.707124 1095.990723
 146.585085 1095.880981
 147.584835 1095.807861
 148.461775 1095.420654
 149.461524 1095.420654
 150.309441 1095.384155
 151.309191 1095.311035
 152.179923 1095.234863
 153.179673 1095.247070
 154.065896 1095.237915
 155.065645 1095.277466
 155.958249 1095.338379
 156.957999 1095.475586
 157.826724 1095.487793
 158.826474 1095.506104
 159.654327 1095.506104
 160.654076 1095.506104
 161.493810 1095.542725
 162.493560 1095.512207
 163.322857 1095.551880
 164.322607 1095.582275
 165.154667 1095.591431
 166.154416 1095.606689
 166.958502 1095.661499
 167.958252 1095.652344
 168.747562 1095.679810
 169.747311 1095.652344
 170.491687 1095.731567
 171.491437 1095.774292
 172.235203 1095.774292
 173.234953 1095.740723
 174.039842 1095.804810
 175.039591 1095.804810
 176.039341 1095.823120
 176.047760 1095.823120
 177.047510 1095.716431
 177.885028 1095.859619
 178.884777 1095.771240
 179.822165 1095.826172
 180.821914 1095.911499
 181.694321 1095.856567
 182.694071 1095.923706
 183.183776 1095.841309
 184.183526 1095.908447
